0 23 44 54 67 74 12 59 87 77 32 14 22 14 54 67 87 52 89 36 
23 0 18 53 67 91 76 24 52 14 76 13 22 28 72 43 52 12 34 72
44 18 0 12 54 43 32 78 89 65 43 54 62 45 76 14 25 62 33 87
54 53 12 0 43 21 54 12 22 58 24 53 66 71 17 32 51 79 92 88
67 67 54 43 0 51 63 72 25 24 67 93 54 15 16 27 58 34 54 22
74 91 43 21 51 0 61 23 71 82 52 81 81 17 24 28 35 46 77 86 
12 76 32 54 63 61 0 43 65 45 72 14 12 32 54 73 82 16 23 15
59 24 78 12 72 23 43 0 22 32 44 31 51 62 26 24 33 42 65 45
87 52 89 22 25 71 65 22 0 21 34 53 25 64 31 52 77 89 92 14
77 14 65 58 24 82 45 32 21 0 13 53 22 25 62 52 76 65 77 83
32 76 43 24 67 52 72 44 34 13 0 12 23 34 45 56 67 78 89 92
14 13 54 53 93 81 14 31 53 53 12 0 32 43 54 65 76 87 98 21
22 22 62 66 54 81 12 51 25 22 23 32 0 42 53 64 75 86 76 24
14 28 45 71 15 17 32 62 64 25 34 43 42 0 98 65 43 45 76 23
54 72 76 17 16 24 54 26 31 62 45 54 53 98 0 54 21 22 37 12
67 43 14 32 27 28 73 24 52 52 56 65 64 65 54 0 12 31 42 53
87 52 25 51 58 35 82 33 77 76 67 76 75 43 21 12 0 47 84 15
52 12 62 79 34 46 16 42 89 65 78 87 86 45 22 31 47 0 13 53
89 34 33 92 54 77 23 65 92 77 89 98 76 76 37 42 84 13 0 12
36 72 87 88 22 86 15 45 14 83 92 21 24 23 12 53 15 53 12 0




